night:1
          group:1
          pure_walk:1
          date:2020-2-29
          time:12-04
          type:0
          eta:1
          x1:121.506605
          y1:31.166959
          ad1:310115
          x2:121.384772
          y2:31.166542
          ad2:310000